1 1 0 0
10 1 1 0
7 1 0 0
0 1 1 1
0 1 0 1
0 1 0 1
13 1 0 1
68 1 0 1
82 1 1 1
84 1 0 1
82 1 0 1
81 1 0 1
77 1 0 1
72 1 1 1
74 1 1 1
75 1 1 1
74 1 0 1
75 1 1 1
69 1 1 1
63 1 1 1
56 1 1 1
57 1 1 1
59 1 0 1
57 1 0 1
59 1 0 1
70 1 1 1
80 1 1 1
85 1 1 1
83 1 0 1
84 1 0 1
85 1 0 1
84 1 1 1
85 1 1 1
84 1 1 1
80 1 1 1
74 1 1 1
72 1 1 1
75 1 1 1
80 1 0 1
86 1 0 1
86 1 1 1
87 1 0 1
87 1 0 1
89 1 0 1
92 1 1 1
93 1 1 1
93 1 1 1
94 1 1 1
92 1 1 1
91 1 1 1
94 1 1 1
95 1 1 1
92 1 1 1
92 1 1 1
92 1 1 1
93 1 1 1
95 1 1 1
94 1 1 1
95 1 1 1
96 1 1 1
98 1 1 1
97 1 1 1
96 1 1 1
99 1 1 1
99 1 1 1
93 1 1 1
84 1 1 1
77 1 1 1
73 1 0 1
74 1 0 1
78 1 0 1
82 1 0 1
90 1 1 1
102 1 1 1
103 1 0 1
99 1 0 1
100 1 0 1
102 1 0 1
101 1 1 1
100 1 1 1
91 1 1 1
80 1 1 1
66 1 1 1
60 1 0 1
63 1 0 1
61 1 0 1
63 1 0 1
70 1 1 1
86 1 1 1
96 1 1 1
101 1 0 1
102 1 0 1
101 1 0 1
98 1 0 1
94 1 0 1
92 1 1 1
87 1 1 1
86 1 0 1
89 1 0 1
92 1 0 1
92 1 0 1
94 1 1 1
93 1 0 1
91 1 1 1
94 1 1 1
94 1 1 1
94 1 1 1
92 1 1 1
91 1 1 1
92 1 1 1
92 1 1 1
91 1 1 1
93 1 1 1
92 1 1 1
93 1 1 1
93 1 1 1
94 1 1 1
97 1 1 1
96 1 1 1
97 1 1 1
96 1 1 1
100 1 1 1
92 1 1 1
89 1 1 1
91 1 1 1
91 1 1 1
92 1 0 1
94 1 1 1
95 1 1 1
93 1 1 1
93 1 1 1
92 1 1 1
88 1 1 1
88 1 1 1
90 1 1 1
90 1 1 1
88 1 1 1
90 1 1 1
90 1 1 1
89 1 1 1
87 1 1 1
87 1 1 1
88 1 1 1
88 1 1 1
85 1 1 1
85 1 1 1
87 1 1 1
88 1 1 1
87 1 1 1
89 1 1 1
89 1 1 1
89 1 1 1
90 1 1 1
91 1 1 1
88 1 1 1
88 1 1 1
88 1 1 1
86 1 1 1
84 1 1 1
85 1 1 1
86 1 1 1
86 1 1 1
83 1 1 1
84 1 1 1
86 1 1 1
87 1 1 1
85 1 1 1
84 1 1 1
83 1 1 1
83 1 1 1
86 1 1 1
85 1 1 1
84 1 1 1
87 1 1 1
87 1 1 1
85 1 1 1
84 1 1 1
83 1 1 1
84 1 1 1
86 1 1 1
83 1 1 1
84 1 1 1
82 1 1 1
77 1 1 1
75 1 1 1
78 1 1 1
80 1 0 1
79 1 0 1
79 1 1 1
82 1 1 1
83 1 1 1
84 1 1 1
87 1 1 1
82 1 1 1
84 1 1 1
81 1 1 1
82 1 1 1
87 1 1 1
86 1 1 1
82 1 1 1
81 1 0 1
84 1 1 1
85 1 1 1
84 1 1 1
84 1 1 1
86 1 1 1
84 1 1 1
83 1 1 1
81 1 1 1
80 1 1 1
81 1 1 1
82 1 1 1
82 1 1 1
83 1 1 1
84 1 1 1
87 1 1 1
85 1 1 1
82 1 1 1
79 1 1 1
80 1 1 1
82 1 1 1
80 1 0 1
77 1 1 1
77 1 1 1
80 1 1 1
81 1 1 1
80 1 1 1
82 1 1 1
83 1 1 1
81 1 1 1
79 1 1 1
80 1 1 1
82 1 1 1
81 1 1 1
79 1 1 1
80 1 1 1
82 1 1 1
82 1 1 1
82 1 1 1
81 1 1 1
82 1 1 1
86 1 1 1
86 1 1 1
78 1 1 1
72 1 1 1
75 1 1 1
83 1 0 1
82 1 0 1
78 1 1 1
80 1 0 1
86 1 0 1
85 1 1 1
82 1 1 1
81 1 0 1
82 1 1 1
80 1 1 1
79 1 1 1
81 1 1 1
82 1 1 1
80 1 1 1
79 1 1 1
79 1 1 1
76 1 1 1
73 1 1 1
73 1 1 1
79 1 1 1
79 1 0 1
75 1 1 1
75 1 0 1
77 1 0 1
79 1 1 1
81 1 1 1
80 1 1 1
83 1 1 1
78 1 1 1
75 1 1 1
77 1 1 1
79 1 1 1
79 1 0 1
79 1 1 1
79 1 1 1
80 1 1 1
80 1 1 1
78 1 1 1
77 1 1 1
78 1 1 1
74 0 1 1
69 0 1 1
69 0 1 1
77 0 1 0
78 1 0 0
78 1 1 0
79 1 0 0
82 1 0 1
80 1 1 1
81 1 1 1
81 1 1 1
80 1 1 1
77 1 1 1
79 1 1 1
82 1 1 1
82 1 1 1
79 1 1 1
78 1 1 1
79 1 1 1
80 1 1 1
79 1 1 1
79 1 1 1
80 1 1 1
77 1 1 1
72 1 1 1
71 1 1 1
75 1 1 1
76 1 0 1
76 1 0 1
77 1 1 1
78 1 1 1
79 1 1 1
78 1 1 1
80 1 1 1
81 1 1 1
79 1 1 1
78 1 1 1
76 1 1 1
75 1 1 1
76 1 1 1
77 1 1 1
78 1 1 1
78 1 1 1
75 1 1 1
71 1 1 1
62 1 1 1
55 1 1 1
59 1 0 1
61 1 0 1
59 1 0 1
56 1 1 1
55 1 0 1
58 1 1 1
59 1 1 1
63 1 1 1
67 1 1 1
69 1 1 1
71 1 1 1
74 1 0 1
76 1 0 1
79 1 1 1
78 1 1 1
77 1 1 1
81 1 1 1
80 1 1 1
74 1 1 1
73 1 1 1
67 1 1 1
64 1 0 1
66 1 0 1
72 1 0 1
77 1 0 1
77 1 1 1
78 1 0 1
75 1 0 1
77 1 1 1
74 1 1 1
74 1 1 1
75 1 1 1
73 1 1 1
74 1 1 1
77 1 1 1
77 1 1 1
74 1 1 1
76 1 1 1
74 1 1 1
70 1 1 1
72 1 1 1
76 1 1 1
78 1 0 1
78 1 1 1
78 1 0 1
75 1 0 1
71 1 1 1
70 1 1 1
71 1 1 1
71 1 0 1
71 1 1 1
71 1 1 1
73 1 1 1
71 1 1 1
68 1 1 1
69 1 1 1
70 1 1 1
71 1 1 1
74 1 1 1
75 1 1 1
76 1 1 1
74 1 1 1
72 1 1 1
70 1 1 1
75 1 1 1
74 1 1 1
71 1 1 1
69 1 1 1
75 1 1 1
73 1 1 1
74 1 1 1
74 1 1 1
72 1 1 1
74 1 1 1
74 1 1 1
70 1 1 1
71 1 1 1
71 1 1 1
70 1 1 1
71 1 1 1
72 1 1 1
70 1 1 1
68 1 1 1
72 1 1 1
76 1 1 1
73 1 1 1
69 1 1 1
69 1 0 1
72 1 1 1
73 1 0 1
73 1 1 1
74 1 1 1
71 1 1 1
71 1 1 1
72 1 1 1
69 1 1 1
66 1 1 1
71 1 1 1
72 1 1 1
65 1 0 1
62 1 1 1
69 1 0 1
72 1 0 1
74 1 0 1
72 1 1 1
69 1 0 1
71 1 1 1
73 1 1 1
69 1 1 1
70 1 1 1
71 1 1 1
69 1 1 1
70 1 1 1
72 1 1 1
70 1 1 1
69 1 1 1
69 1 1 1
66 1 1 1
68 1 1 1
72 1 1 1
76 1 1 1
75 1 1 1
74 1 0 1
74 1 0 1
72 1 1 1
71 1 1 1
73 1 1 1
75 1 1 1
75 1 1 1
72 1 1 1
75 1 1 1
79 1 1 1
73 1 1 1
75 1 1 1
77 1 0 1
75 1 1 1
75 1 1 1
75 1 1 1
76 1 1 1
74 1 1 1
77 1 1 1
77 1 1 1
76 1 1 1
76 1 1 1
79 1 1 1
79 1 1 1
79 1 1 1
78 1 1 1
80 1 1 1
80 1 1 1
81 1 1 1
81 1 1 1
79 1 1 1
82 1 1 1
82 1 1 1
79 1 1 1
84 1 1 1
86 1 1 1
86 1 1 1
86 1 1 1
90 1 0 1
90 1 1 1
90 1 1 1
90 1 1 1
93 1 1 1
87 1 1 1
86 1 1 1
91 1 1 1
96 1 1 1
92 1 0 1
54 1 1 1
5 1 0 1
1 1 1 1
6 1 0 1
10 1 0 1
7 1 0 1
7 1 1 1
6 1 0 1
8 1 1 1
10 1 1 1
6 1 1 1
5 1 1 1
5 1 1 1
5 1 1 1
6 1 1 1
6 1 1 1
7 1 1 1
7 1 1 1
7 1 1 1
8 1 1 1
7 1 1 1
6 1 1 1
9 1 1 1
8 1 1 1
7 1 1 1
8 1 1 1
7 1 1 1
8 1 1 1
9 1 1 1
8 1 1 1
7 1 1 1
7 1 1 1
7 1 1 1
8 1 1 1
7 1 1 1
7 1 1 1
7 1 1 1
7 1 1 1
7 1 1 1
7 1 1 1
7 1 1 1
7 1 1 1
7 1 1 1
7 1 1 1
7 1 1 1
7 1 1 1
7 1 1 1
8 1 1 1
8 1 1 1
8 1 1 1
8 1 1 1
8 1 1 1
8 1 1 1
8 1 1 1
8 1 1 1
8 1 1 1
8 1 1 1
8 1 1 1
8 1 1 1
8 1 1 1
8 1 1 1
7 1 1 1
7 1 1 1
7 1 1 1
7 1 1 1
7 1 1 1
7 1 1 1
7 1 1 1
7 1 1 1
7 1 1 1
7 1 1 1
7 1 1 1
7 1 1 1
7 1 1 1
7 1 1 1
7 1 1 1
7 1 1 1
7 1 1 1
7 1 1 1
7 1 1 1
7 1 1 1
7 1 1 1
7 1 1 1
7 1 1 1
7 1 1 1
7 1 1 1
7 1 1 1
7 1 1 1
7 1 1 1
7 1 1 1
7 1 1 1
7 1 1 1
7 1 1 1
7 1 1 1
7 1 1 1
7 1 1 1
7 1 1 1
7 1 1 1
7 1 1 1
7 1 1 1
8 1 1 1
8 1 1 1
8 1 1 1
8 1 1 1
8 1 1 1
8 1 1 1
8 1 1 1
8 1 1 1
8 1 1 1
9 1 1 1
9 1 1 1
9 1 1 1
9 1 1 1
9 1 1 1
9 1 1 1
9 1 1 1
9 1 1 1
9 1 1 1
9 1 1 1
9 1 1 1
9 1 1 1
9 1 1 1
9 1 1 1
9 1 1 1
9 1 1 1
9 1 1 1
8 1 1 1
8 1 1 1
8 1 1 1
8 1 1 1
8 1 1 1
8 1 1 1
8 1 1 1
8 1 1 1
8 1 1 1
7 1 1 1
6 1 1 1
6 1 1 1
7 1 1 1
7 1 1 1
7 1 1 1
8 1 1 1
8 1 1 1
8 1 1 1
8 1 1 1
8 1 1 1
9 1 1 1
9 1 1 1
9 1 1 1
9 1 1 1
9 1 1 1
9 1 1 1
9 1 1 1
9 1 1 1
9 1 1 1
9 1 1 1
9 1 1 1
9 1 1 1
9 1 1 1
9 1 1 1
9 1 1 1
9 1 1 1
9 1 1 1
9 1 1 1
9 1 1 1
9 1 1 1
9 1 1 1
8 1 1 1
8 1 1 1
8 1 1 1
8 1 1 1
8 1 1 1
8 1 1 1
8 1 1 1
8 1 1 1
8 1 1 1
7 1 1 1
7 1 1 1
7 1 1 1
7 1 1 1
7 1 1 1
6 1 1 1
6 1 1 1
6 1 1 1
6 1 1 1
6 1 1 1
5 1 1 1
5 1 1 1
5 1 1 1
5 1 1 1
4 1 1 1
4 1 1 1
4 1 1 1
4 1 1 1
4 1 1 1
4 1 1 1
4 1 1 1
4 1 1 1
4 1 1 1
4 1 1 1
5 1 1 1
5 1 1 1
5 1 1 1
6 1 1 1
6 1 1 1
6 1 1 1
6 1 1 1
6 1 1 1
6 1 1 1
6 1 1 1
6 1 1 1
6 1 1 1
6 1 1 1
6 1 1 1
6 1 1 1
6 1 1 1
6 1 1 1
