112 113 163 11 161 173 72 251 208 28 238 60 18 110 181 214
65 72 237 257 3 176 254 183 234 97 132 32 76 252 5 221
157 126 235 112 135 80 251 0 154 186 159 43 9 46 238 194
207 39 187 3 99 41 156 81 169 75 81 57 207 48 170 49
221 72 51 77 65 24 80 133 106 54 83 193 26 184 257 29
56 148 165 74 25 152 141 2 80 33 43 53 156 206 120 10
48 161 156 106 185 60 47 15 149 6 46 73 56 76 85 217
257 75 102 217 260 26 243 161 249 53 198 144 159 126 49 36
176 21 135 230 37 222 129 104 6 17 253 84 251 111 153 71
191 66 98 245 114 136 231 45 258 252 142 125 242 51 1 121
222 220 237 32 174 68 162 19 227 117 120 50 153 90 165 220
72 135 109 244 71 82 85 107 183 120 256 154 31 13 171 236
149 39 75 181 198 103 194 229 79 224 88 206 111 96 247 62
111 144 186 186 37 9 68 147 32 13 83 31 136 81 2 71
70 34 249 244 170 42 191 45 29 199 92 171 50 60 65 164
153 205 145 159 179 13 54 168 195 21 197 25 53 251 231 2
44 154 73 139 220 41 126 26 113 203 108 163 80 159 231 101
165 241 170 65 145 121 161 2 58 82 77 178 189 123 245 180
113 209 128 128 82 112 247 153 159 124 169 60 152 166 101 224
67 82 175 238 196 243 149 226 216 159 225 52 109 218 2 212
12 98 47 70 190 105 8 83 194 30 118 196 180 163 252 248
219 239 37 183 100 40 68 104 79 12 54 127 205 56 88 83
60 162 253 196 14 41 143 162 70 28 57 252 182 153 162 62
161 119 46 134 241 213 96 62 53 44 245 197 246 116 83 74
133 254 174 86 129 87 16 19 243 257 107 3 224 223 193 138
76 153 22 247 242 91 172 36 76 159 163 112 152 38 59 98
127 167 37 198 167 233 24 172 220 46 159 204 87 53 178 24
50 193 129 175 129 217 212 75 219 149 157 260 215 7 135 75
37 152 81 163 82 41 105 121 215 161 171 20 26 114 3 218
211 59 248 64 60 83 160 187 34 176 9 97 259 241 149 94
96 82 131 79 201 171 4 19 246 175 109 230 70 163 56 134
221 50 203 46 43 207 250 129 76 122 54 46 217 137 39 84
163 68 17 131 136 227 199 18 126 240 68 142 63 42 186 187
147 227 94 21 243 193 93 30 84 95 3 52 191 77 93 200
56 58 55 143 251 156 145 54 49 231 215 190 205 66 124 128
257 38 129 42 237 16 228 236 240 72 74 59 25 44 43 177
242 23 80 65 22 54 200 4 150 245 198 114 3 214 47 214
5 87 210 177 19 177 244 231 199 103 235 127 199 180 109 206
20 223 118 91 10 118 116 55 139 186 143 78 56 130 0 213
163 43 13 216 157 187 105 256 254 235 164 3 91 5 92 65
42 183 85 148 169 198 161 159 132 79 217 213 193 62 63 122
247 116 33 137 180 201 228 242 6 238 260 102 54 19 249 50
155 227 256 6 40 219 203 112 127 35 177 205 25 74 111 135
150 105 81 116 48 102 229 4 136 253 39 250 198 253 211 236
137 98 211 6 146 178 239 196 235 184 250 30 247 127 228 170
39 3 105 232 47 203 96 156 63 200 19 46 89 65 171 92
84 207 12 235 134 187 92 168 25 242 131 31 215 107 225 41
158 101 6 205 135 180 249 142 112 54 38 102 231 47 108 214
130 198 96 87 103 256 103 117 201 171 155 84 248 49 116 234
171 43 28 7 228 34 136 68 93 52 104 130 189 219 160 57
252 149 195 199 114 91 3 36 90 177 63 197 82 248 144 247
100 66 124 77 182 59 4 76 235 139 258 8 83 137 154 236
204 208 143 219 155 201 244 93 48 121 253 58 59 83 237 57
83 176 146 81 110 236 193 32 42 141 21 202 97 89 163 135
234 68 92 70 165 92 63 79 172 99 50 132 4 3 28 135
240 251 160 6 154 111 55 157 161 180 217 185 101 111 153 180
252 240 58 86 86 4 51 224 198 167 203 80 47 246 137 68
228 176 231 174 144 145 113 6 92 123 235 69 213 219 40 181
119 28 5 258 182 105 124 166 28 38 63 140 120 28 187 159
122 172 117 159 254 246 8 101 233 138 6 6 190 40 45 89
169 212 74 98 186 260 1 209 27 161 135 9 26 218 7 106
249 226 193 105 136 89 188 245 88 55 91 44 174 106 162 223
45 195 196 16 31 132 31 51 98 54 208 93 144 88 259 24
171 188 193 166 12 54 86 230 126 12 43 117 93 130 35 228
180 201 247 112 124 55 108 124 131 178 29 170 239 112 237 164
62 45 140 18 234 85 128 43 50 38 52 253 147 213 54 142
166 149 158 192 254 80 59 109 224 190 200 24 237 231 255 7
217 229 173 21 219 179 105 107 110 177 220 133 217 150 156 6
201 192 196 27 153 63 60 33 70 259 211 108 25 62 196 108
86 30 180 129 161 7 199 57 6 199 154 118 98 78 201 111
130 125 36 99 169 198 19 131 247 131 84 73 232 33 99 115
72 136 236 111 58 24 121 155 89 252 227 201 114 247 179 49
63 74 162 212 91 17 69 203 137 9 93 100 48 15 36 26
1 211 87 0 103 231 90 74 101 137 18 164 30 177 8 151
83 194 46 71 198 160 28 32 15 260 150 89 21 64 125 123
130 186 182 25 240 4 127 200 52 151 98 135 76 195 20 136
64 199 197 125 120 228 89 138 255 152 110 219 100 84 124 151
35 104 233 109 166 40 136 26 65 150 18 185 108 71 122 75
166 107 74 256 249 117 127 90 238 116 1 144 97 157 130 154
27 252 178 210 80 55 11 21 191 81 79 21 41 234 231 213
101 153 30 186 134 235 23 217 19 155 32 194 210 224 180 50
40 59 130 172 126 87 92 1 131 159 113 71 140 54 181 68
111 194 12 6 116 165 67 77 169 187 45 32 65 128 167 116
142 86 234 64 167 176 88 113 60 98 22 67 175 18 4 1
171 0 65 204 212 41 162 105 37 44 37 42 96 229 109 69
26 196 133 30 160 174 237 20 41 26 192 63 2 116 152 39
210 1 94 73 41 232 19 248 191 124 165 82 191 118 168 74
14 121 59 6 44 100 24 106 231 251 177 106 54 124 89 219
88 135 151 216 214 222 15 171 194 3 84 51 205 121 187 51
126 121 177 2 106 219 40 70 165 217 147 130 72 176 235 115
18 114 76 241 196 121 23 193 72 42 77 38 161 111 237 187
136 134 4 157 251 209 31 211 181 204 259 209 176 14 16 138
121 248 201 60 241 34 25 206 6 85 259 158 153 40 216 253
182 111 260 234 18 6 198 167 52 83 85 173 257 165 260 103
257 32 146 29 241 90 111 147 68 126 159 139 85 229 144 40
11 99 179 25 102 228 116 11 221 71 57 40 231 29 127 244
140 79 173 182 173 90 84 10 26 65 153 0 202 237 94 149
238 198 20 146 120 114 77 152 194 31 197 233 230 72 93 153
201 184 222 204 150 15 127 69 107 84 171 9 47 214 44 92
136 114 247 108 57 158 252 214 188 93 79 210 123 195 223 77
254 97 39 56 140 100 57 14 188 218 98 1 101 3 1 195
126 129 248 202 81 32 136 120 21 41 81 100 114 2 211 65
220 19 116 48 165 32 82 111 203 36 12 45 80 174 9 204
196 116 31 182 85 101 245 239 210 10 19 100 14 56 242 2
93 189 257 24 111 82 135 87 107 170 80 220 35 141 251 192
73 127 11 225 50 50 118 187 127 101 245 22 70 256 180 132
226 66 27 21 31 51 175 45 28 64 98 67 183 82 79 74
175 104 101 54 25 126 255 191 14 148 260 22 13 58 196 145
36 219 18 206 150 114 183 206 29 91 56 159 110 71 214 141
96 52 120 159 28 102 0 87 30 68 167 250 23 235 151 150
168 95 162 68 16 258 125 66 171 41 167 224 28 35 127 35
259 235 82 137 158 78 115 170 22 20 75 133 147 136 52 14
116 98 194 148 51 125 74 41 50 194 44 195 147 144 116 252
68 56 18 150 138 239 147 105 173 218 157 165 144 17 133 7
219 108 95 27 238 245 40 200 183 235 110 212 189 15 255 132
161 31 234 68 118 87 16 166 177 42 7 214 131 149 4 29
80 259 198 135 233 42 205 87 99 187 126 159 134 210 140 114
84 112 209 215 177 99 82 256 177 165 130 98 61 107 215 145
234 201 134 195 63 192 205 102 55 195 172 18 162 228 98 206
135 44 171 19 40 35 184 142 113 99 95 122 22 259 185 254
195 99 142 19 27 87 61 256 181 1 257 202 2 129 182 223
226 186 86 134 11 210 18 107 131 23 108 246 207 174 76 84
250 49 100 60 173 145 91 137 85 243 255 3 33 59 93 108
79 131 42 120 251 134 188 241 58 132 58 28 225 3 30 79
150 215 177 93 230 47 157 5 172 67 9 248 190 251 174 167